1759527573
1511326969
1928075486
1612366701
819007431
1274524454
1140137843
942232792
1846546554
922144553
1770589479
1939901050
133896615
1400464628
1150231056
1516277876
865629418
562082781
1732906464
1051253479
210647901
1076938002
1373514613
1831639485
1456941477
1563914181
619241957
245417105
1687522091
1423440293
1538999777
1948378141
1962640611
277527472
363633982
1276779929
593017542
1976332600
1373041962
633904121
1201411738
657683752
1095849152
1224003875
1709160564
1032487190
600658843
741820213
781102697
1622063673
1302177942
991609673
414828309
1080642585
1012906629
912734966
951582482
487730492
1363306023
913187928
1671973472
357168638
1649451597
1426859695